afterExplodeOn--[1,6]-- [[[[5,11],[13,0]],[[15,14],[14,0]]],[[2,[11,10]],[[0,8],[8,0]]]]
afterSplitOn--11-- [[[[5,[5,6]],[13,0]],[[15,14],[14,0]]],[[2,[11,10]],[[0,8],[8,0]]]]
afterSplitOn--20-- [[[[7,6],[8,0]],[[[10,10],0],[26,0]]],[[2,[11,10]],[[0,8],[8,0]]]]
afterExplodeOn--[10,10]-- [[[[7,6],[8,10]],[[0,10],[26,0]]],[[2,[11,10]],[[0,8],[8,0]]]]
afterSplitOn--13-- [[[[0,[6,7]],[0,6]],[[6,5],[31,0]]],[[2,[11,10]],[[0,8],[8,0]]]]
afterExplodeOn--[6,7]-- [[[[6,0],[7,6]],[[6,5],[31,0]]],[[2,[11,10]],[[0,8],[8,0]]]]
afterSplitOn--10-- [[[[6,7],[0,7]],[[7,8],[[5,5],16]]],[[2,[11,10]],[[0,8],[8,0]]]]
afterExplodeOn--[5,5]-- [[[[6,7],[0,7]],[[7,13],[0,21]]],[[2,[11,10]],[[0,8],[8,0]]]]
afterSplitOn--13-- [[[[6,7],[0,7]],[[7,[6,7]],[0,21]]],[[2,[11,10]],[[0,8],[8,0]]]]
afterSplitOn--21-- [[[[6,7],[0,7]],[[7,[6,7]],[0,[10,11]]]],[[2,[11,10]],[[0,8],[8,0]]]]

explodedOn--[1,6]-- [[[[5,11],[13,0]],[[15,14],[14,0]]],[[2,[11,10]],[[0,8],[8,0]]]]
splitOn-- [[[[5,[5,6]],[13,0]],[[15,14],[14,0]]],[[2,[11,10]],[[0,8],[8,0]]]]
splitOn-- [[[[7,6],[8,0]],[[[10,10],0],[26,0]]],[[2,[11,10]],[[0,8],[8,0]]]]
explodedOn--[10,10]-- [[[[7,6],[8,10]],[[0,10],[26,0]]],[[2,[11,10]],[[0,8],[8,0]]]]
splitOn-- [[[[0,[6,7]],[0,6]],[[6,5],[31,0]]],[[2,[11,10]],[[0,8],[8,0]]]]
explodedOn--[6,7]-- [[[[6,0],[7,6]],[[6,5],[31,0]]],[[2,[11,10]],[[0,8],[8,0]]]]
splitOn-- [[[[6,7],[0,7]],[[7,8],[[5,5],16]]],[[2,[11,10]],[[0,8],[8,0]]]]
explodedOn--[5,5]-- [[[[6,7],[0,7]],[[7,13],[0,21]]],[[2,[11,10]],[[0,8],[8,0]]]]
splitOn-- [[[[6,7],[0,7]],[[7,[6,7]],[0,21]]],[[2,[11,10]],[[0,8],[8,0]]]]
explodedOn--[6,7]-- [[[[6,7],[0,7]],[[13,0],[7,21]]],[[2,[11,10]],[[0,8],[8,0]]]]